2.007
2
2
1.994
1.99
1.991
1.965
1.98
1.995
2
2.0116
1.9872
1.98
2.01
2.009
2.21
2.215
2.25
2.22
2.2
2.23
2.22
2.22
2.21
2.207
2.207
2.207
2.195
2.195
2.184
2.165
2.152
2.102
2.09
2.05
2.125
2.103
2.1
2.085
2.065
2.045
2.036
2.035
2.031
2.048
2.037
2.041
2.045
2.04
2.041
2.04
2.0804
2.045
2.0113
2.0146
1.9949
1.9956
1.9943
1.9851
1.9822
1.9819
1.9887
2.02
2.0219
2.0159
2.015
2.0339
2.0378
2.0404
2.0403
2.0416
2.0419
2.0378
2.0358
2.0247
2.0097
1.9971
2.0029
2.004
2.002
2.0065
2.0048
2.0091
2.0104
2.0115
2.0187
2.0128
2.05
2.0409
2.0465
2.0509
2.0528
2.0563
2.0527
2.0489
2.0463
2.0455
2.0737
2.1275
2.13
2.14
2.1412
2.1369
2.0614
2.0598
2.0508
2.0499
2.0594
2.0611
2.0617
2.064
2.0669
2.065
2.0681
2.1801
2.1617
2.1638
2.1536
2.1233
2.1032
2.1051
2.1064
2.1106
2.1116
2.0858
2.0827
2.087
2.089
2.089
2.0831
2.0849
2.0873
2.0744
2.0759
2.0914
2.0866
2.0762
2.0363
2.0361
2.0466
2.0357
2.0477
2.0405
2.0506
2.0499
2.0387
2.0408
2.055
2.07
2.086
2.1
2.12
2.13
2.12
2.12
2.12
2.14
2.113
2.14
2.15
2.16
2.16
2.15
2.15
2.15
2.135
2.135
2.14
2.14
2.14
2.15
2.15
2.14
2.14
2.14
2.13
2.13
2.14
2.16
2.17
2.21
2.22
2.22
2.2409
2.2529
2.2542
2.2493
2.25
2.2665
2.2681
2.2697
2.2708
2.2691
2.271
2.2691
2.2708
2.2718
2.2764
2.2685
2.2698
2.271
2.2874
2.2874
2.2935
2.2868
2.3117
2.3255
2.3292
2.3562
2.2526
2.2879
2.2918
2.3022
2.3012
2.32
2.32
2.33
2.3083
2.3067
2.3129
2.3448
2.4088
2.4372
2.45
2.45
2.44
2.48
2.46
2.49
2.49
2.49
2.49
2.49
2.49
2.493
2.5
2.51
2.61
2.625
2.6344
2.62
2.62
2.64
2.65
2.65
2.66
2.68
2.65
2.65
2.68
2.7
2.7384
2.74
2.7533
2.7789
2.788
2.813
2.8365
2.857
2.8421
2.8516
2.8552
2.8321
2.8332
2.85
2.8714
2.9053
2.8991
2.9006
2.899
2.9031
2.8525
2.9046
2.9085
2.9091
2.9109
2.9
2.9096
2.9
2.9257
2.9884
2.9894
2.95
2.9901
2.9903
3.0027
3.0035
3.0256
2.9502
2.97
2.9855
2.9694
2.8734
2.8237
2.8258
2.875
2.88
2.8551
2.8762
2.9689
2.93
2.945
2.9756
2.98
3.1
3.152
3.17
3.15
3.1712
3.3022
3.3
3.33
3.3018
3.2065
3.1832
3.1737
3.1766
3.08
3.0782
3.0935
3.0913
3.0935
3.097
3.15
3.3
3.33
3.35
3.4
3.395
3.4
3.395
3.4
3.38
3.36
3.36
3.375
3.4
3.42
3.45
3.56
3.64
3.66
3.7
3.74
3.77
3.78
3.77
3.77
3.78
3.77
3.78
3.77
3.77
3.75
3.75
3.78
3.77
3.765
3.78
3.76
3.75
3.755
3.76
3.72
3.69
3.69
3.6365
3.6233
3.6189
3.6191
3.6252
3.72
3.68
3.6767
3.6768
3.6832
3.6732
3.6774
3.6894
3.58
3.59
3.58
3.5103
3.5201
3.5854
3.5738
3.5412
3.5428
3.5499
3.5528
3.5409
3.5185
3.5227
3.5217
3.4475
3.44
3.4385
3.4585
3.43
3.43
3.35
3.35
3.35
3.36
3.399
3.399
3.39
3.4
3.395
3.42
3.435
3.435
3.42
3.415
3.42
3.36
3.32
3.31
3.32
3.31
3.31
3.31
3.29
3.285
3.28
3.275
3.27
3.27
3.2337
3.2374
3.2374
3.2298
3.2285
3.2232
3.1871
3.1846
3.1439
3.1466
3.1081
3.1281
3.1181
3.108
3.098
3.098
3.1
3.15
3.18
3.2
3.2
3.2
3.2
3.185
3.195
3.2
3.1311
3.155
3.185
3.2
3.215
3.225
3.21
3.2
3.22
3.27
3.25
3.245
3.25
3.25
3.2507
3.2557
3.256
3.2637
3.2737
3.2749
3.2767
3.325
3.3263
3.3395
3.3426
3.3578
3.359
3.3741
3.375
3.3756
3.385
3.435
3.5181
3.5141
3.5169
3.5077
3.5327
3.5072
3.4434
3.456
3.4665
3.4497
3.4229
3.4226
3.4229
3.5082
3.5467
3.5327
3.5635
3.5279
3.5246
3.4976
3.4911
3.5245
3.483
3.473
3.4516
3.5467
3.5086
3.5333
3.534
3.5495
3.5577
3.58
3.5789
3.5624
3.5651
3.5551
3.5451
3.5405
3.5305
3.58
3.5902
3.6
3.635
3.6401
3.6502
3.62
3.62
3.5755
3.5514
3.5505
3.5506
3.5505
3.5205
3.5012
3.5012
3.5
3.4999
3.4872
3.487
3.4863
3.436
3.4
3.4
3.39
3.3818
3.3782
3.3564
3.3641
3.3268
3.2493
3.155
3.18
3.2344
3.285
3.3501
3.34
3.3599
3.3455
3.35
3.3481
3.3041
3.253
3.1997
2.9093
2.7352
2.8229
2.8
2.8472
2.7753
2.8244
2.7747
2.7303
2.7224
2.6884
2.6696
2.669
2.6191
2.562
2.5899
2.527
2.5266
2.48
2.4534
2.4357
2.2963
2.286
2.2517
2.25
2.1155
2.0902
2.067
2.0195
2.1
2.0689
2.0585
2.1347
2.1416
2.08
1.83
1.8991
1.8945
1.8188
1.7522
1.68
1.33
1.3547
1.3553
1.3413
1.3367
1.2958
1.2951
1.2958
1.219
1.0845
1.0554
1.0959
1.0808
1.0808
1.0986
1.0966
1.104
1.1054
1.102
1.0836
1.0869
1.077
1.0578
1.0546
1.0354
1.0403
1.0342
1.0511
1.0511
1.0718
1.0897
1.0804
1.1272
1.0969
1.0837
1.0884
1.0737
1.0736
1.0713
1.1143
1.165
1.1732
1.1182
1.103
1.1009
1.0845
1.0734
1.0854
1.0923
1.1022
1.1004
1.1022
1.0968
1.0821
1.0192
0.9999
1.0119
1.0031
0.9968
0.9895
0.9878
0.9405
0.9376
0.9132
0.8881
0.8871
0.9062
0.9025
0.8879
0.9508
0.9005
0.9211
0.8997
0.9014
0.9095
0.9384
0.9291
0.9074
0.967
0.9643
0.9479
0.9638
0.9994
1.0052
0.9957
0.9837
0.9712
0.968
0.9921
0.9827
1.0078
0.9941
0.9989
0.9892
1.0032
1.0326
1.0053
0.9958
1.0011
1.0006
1.0114
0.9904
1.0009
1.0003
0.9856
0.9696
0.9466
0.9449
0.9395
0.9431
0.8882
0.9023
0.89
0.8961
0.9369
0.9349
0.9296
0.9454
0.9605
0.9566
0.93
0.9329
0.9518
0.9835
0.997
0.9999
1.0097
0.9938
0.9984
0.9953
1.0033
0.996
1.0084
1.0095
1.0027
1.0029
1.0044
0.9754
0.9798
0.9807
0.981
0.981
0.985
0.9905
1.0158
1.0497
1.1009
1.15
1.35
1.33
1.2736
1.3699
1.5
1.65
1.6559
1.6562
1.6663
1.6472
1.6693
1.6599
1.6372
1.6572
1.6523
1.6408
1.6265
1.6353
1.6243
1.6185
1.6585
1.6471
1.6264
1.5951
1.5889
1.6004
1.6043
1.6049
1.6029
1.6039
1.6086
1.6044
1.5955
1.597
1.598
1.6105
1.6023
1.6274
1.5262
1.5312
1.5393
1.5304
1.532
1.5321
1.5039
1.5054
1.5088
1.5075
1.509
1.5106
1.5144
1.5098
1.5104
1.5116
1.5069
1.4794
1.4862
1.4609
1.4682
1.4455
1.5013
1.5119
1.5118
1.5134
1.5118
1.5301
1.514
1.5116
1.4973
1.5027
1.5081
1.5135
1.5171
1.5184
1.5196
1.5206
1.5171
1.5301
1.5288
1.5275
1.5289
1.5302
1.5186
1.5086
1.4936
1.4854
1.4866
1.4941
1.4888
1.5206
1.522
1.5271
1.5001
1.4893
1.4941
1.4951
1.492
1.4821
1.4841
1.486
1.48
1.478
1.4793
1.4844
1.485
1.4855
1.4948
1.4882
1.4863
1.4859
1.4897
1.4907
1.4853
1.4868
1.4855
1.489
1.5
1.4986
1.5012
1.5013
1.4953
1.5
1.5098
1.5238
1.5489
1.5411
1.533
1.5589
1.6139
1.6039
1.6019
1.6069
1.5968
1.5651
1.5994
1.6066
1.6147
1.6346
1.6346
1.6446
1.6529
1.6445
1.6446
1.6446
1.6447
1.6532
1.6447
1.6448
1.6447
1.6547
1.66
1.6793
1.6793
1.68
1.6801
1.6801
1.6801
1.6294
1.6094
1.5396
1.5
1.51
1.5203
1.5105
1.5106
1.5364
1.5274
1.5378
1.528
1.5281
1.5281
1.5181
1.5185
1.5083
1.5175
1.5176
1.5076
1.5181
1.5076
1.5301
1.5501
1.5782
1.5947
1.6
1.62
1.64
1.6709
1.66
1.6551
1.6503
1.6504
1.6607
1.6394
1.6393
1.6193
1.6392
1.63
1.6181
1.5991
1.5792
1.5792
1.5892
1.61
1.6099
1.6435
1.6568
1.6611
1.6911
1.7086
1.711
1.7434
1.7468
1.7464
1.7681
1.7689
1.7827
1.8
1.7947
1.8388
1.8327
1.8298
1.8162
1.8391
1.8175
1.8176
1.8341
1.8643
1.8723
1.8726
1.866
2.016
2.007
2.0168
2.0288
2.1036
2.1201
2.126
2.127
2.1297
2.1395
2.1115
2.122
2.1346
2.121
2.1181
2.1233
2.1167
2.0571
2.0385
2.0185
1.9845
1.9245
1.8745
1.8855
1.8771
1.8951
1.9011
1.8768
1.9302
1.9349
1.9578
1.9352
1.9306
1.931
1.9318
1.9327
1.9333
1.9307
1.9295
1.9056
1.9116
1.9118
1.9125
1.9129
1.9206
1.9334
1.9344
1.9358
1.9412
1.9194
1.9225
1.8928
1.8795
1.91
1.9005
1.9023
1.9163
1.9086
1.9001
1.9161
1.9161
1.9222
1.9263
1.9267
1.9123
1.8949
1.9017
1.9027
1.9176
1.9335
1.9346
1.9268
1.9311
1.9341
1.9347
1.9456
1.9462
1.9442
1.9459
1.9493
1.9498
1.937
1.9397
1.9386
1.9389
1.9337
1.9429
1.9515
2.0801
2.062
2.0504
2.0482
2.0487
2.0454
2.047
2.043
2.0448
2.0564
2.0574
2.1074
2.0843
2.0746
2.1101
2.1928
2.2288
2.251
2.2731
2.2282
2.2186
2.3037
2.3148
2.43
2.48
2.5949
2.6648
2.7948
2.7748
2.7925
2.77
2.7495
2.7573
2.7591
2.731
2.7609
2.8
2.88
2.8906
2.8981
2.9588
2.9786
3.0133
3.085
3.127
3.182
3.272
3.3
3.3801
3.3866
3.3573
3.3275
3.3
3.2281
3.0283
2.994
2.9524
2.9294
2.9201
2.8527
2.8506
2.85
2.8857
2.9357
3.0017
3.0457
3.0866
3.1336
3.2104
3.2154
3.1854
3.1657
3.1727
3.1527
3.1427
3.1995
3.2
3.2
3.2
3.1664
3.0664
3.065
3.065
3.0587
3.1532
3.12
3.1007
3.0177
3.0257
3
2.9727
2.9697
2.9496
2.9508
2.9352
2.9394
2.8898
2.9105
2.8904
2.8977
2.9007
2.8986
2.89
2.8965
2.9365
2.915
2.85
2.8519
2.851
2.88
2.8883
2.8733
2.8734
2.8259
2.8346
2.859
2.8709
2.8589
2.8625
2.8482
2.8144
2.8105
2.8133
2.8297
2.8186
2.8211
2.8283
2.8389
2.84
2.8486
2.8078
2.8066
2.8094
2.8335
2.82
2.8528
2.8661
2.8614
2.8567
2.8758
2.9065
2.9747
2.9799
2.9596
2.9585
2.9788
3.037
3.0466
3.055
3.0577
3.0589
3.0053
3.0317
3.0348
3.0402
3.0597
3.0419
3.0558
3.0925
3.0833
3.0901
3.1185
3.1552
3.3465
3.5
3.6113
3.5808
3.5805
3.5929
3.6168
3.5903
3.4957
3.5007
3.4915
3.4742
3.432
3.4018
3.404
3.4151
3.4
3.41
3.3821
3.4123
3.5323
3.5779
3.5674
3.5868
3.665
3.75
3.8242
3.8275
3.7943
3.7842
3.7793
3.7393
3.7339
3.7102
3.7194
3.7045
3.7059
3.6707
3.6233
3.599
3.5821
3.5481
3.5782
3.5832
3.6218
3.6257
3.656
3.6475
3.6391
3.6476
3.66
3.6607
3.6692
3.8092
3.9379
3.9174
3.9
3.897
3.8923
3.8675
3.8727
3.8716
3.8642
3.8642
3.9342
3.9214
3.9401
3.9219
3.9116
3.8729
3.8529
3.7032
3.5519
3.5766
3.6164
3.5829
3.6069
3.5999
3.5531
3.4522
3.3824
3.2323
3.1501
3.1466
3.141
3.1412
3.1411
3.1412
3.14
3.1347
3.1669
3.1691
3.1898
3.1898
3.1398
3.0899
3.0681
3.0252
2.9969
2.9901
2.8563
2.6438
2.5705
2.5683
2.5562
2.5459
2.5692
2.598
2.6013
2.611
2.6397
2.6717
2.6754
2.6932
2.7215
2.724
2.7366
2.5866
2.6334
2.6213
2.6293
2.63
2.63
2.6324
2.6595
2.6926
2.7183
2.7198
2.7202
2.7127
2.7127
2.7316
2.7241
2.7341
2.7315
2.7316
2.7342
2.7369
2.7201
2.7167
2.7278
2.7404
2.7391
2.7308
2.7283
2.7884
2.7841
2.7938
2.8251
2.8208
2.8614
2.8439
2.8155
2.8169
2.7757
2.7757
2.7658
2.7829
2.7733
2.7803
2.8131
2.8176
2.9275
2.9589
2.9547
2.9037
2.9325
2.9437
2.9696
2.9856
2.9219
2.936
2.9395
2.9412
2.9269
2.9371
2.9468
2.9475
2.9305
2.9256
2.9307
2.9322
2.9013
2.8958
2.8922
2.8595
2.8654
2.8785
2.8872
2.869
2.8452
2.8711
2.8775
2.8816
2.8528
2.8436
2.8436
2.8485
2.8336
2.8355
2.8355
2.8551
2.8595
2.8731
2.8698
2.8712
2.8714
2.8994
2.8799
2.8835
2.872
2.8545
2.846
2.837
2.8473
2.8439
2.8455
2.8489
2.8541
2.8562
2.845
2.8496
2.8618
2.8612
2.8572
2.8399
2.7978
2.7531
2.5488
2.4766
2.4042
2.4267
2.4196
2.4317
2.3817
2.3517
2.261
2.2347
2.25
2.25
2.2534
2.2307
2.2042
2.2
2.2104
2.2215
2.2514
2.1587
2.1779
2.1889
2.209
2.2508
2.246
2.2609
2.3308
2.3708
2.3655
2.3666
2.3616
2.3716
2.3566
2.342
2.347
2.3452
2.3252
2.3129
2.2525
2.1979
2.2161
2.2236
2.2287
2.2171
2.2353
2.2453
2.2513
2.2591
2.2699
2.2849
2.2891
2.2819
2.278
2.2977
2.2952
2.3077
2.3277
2.3306
2.3553
2.3728
2.4078
2.4378
2.4381
2.3959
2.4134
2.4183
2.4572
2.4622
2.4745
2.5216
2.5566
2.5814
2.63
2.6275
2.6412
2.6863
2.6963
2.6917
2.6806
2.6775
2.6251
2.6255
2.6155
2.6364
2.6475
2.6574
2.7023
2.7365
2.7984
2.7984
2.8022
2.8022
2.8271
2.8401
2.8401
2.8485
2.8318
2.8121
2.7921
2.7921
2.7845
2.7844
2.7644
2.762
2.7543
2.7511
2.7641
2.8441
2.8971
2.922
2.905
2.9061
2.9421
2.9764
2.9766
2.9848
2.9533
2.9327
2.9429
2.9555
2.9475
2.9438
2.9341
2.9423
2.9377
2.9424
2.9224
2.9188
2.9152
2.8886
2.8633
2.8263
2.8116
2.8216
2.8231
2.8399
2.8439
2.8315
2.8665
2.8834
2.8744
2.8815
2.9106
2.8986
2.8952
2.8975
2.8999
2.9089
2.9007
2.8919
2.8937
2.9114
2.9063
2.9102
2.9179
2.9375
2.9178
2.9278
2.9073
2.8985
2.905
2.9189
2.8768
2.8688
2.8689
2.8498
2.8341
2.8547
2.8648
2.8361
2.7995
2.811
2.8111
2.7811
2.8002
2.7902
2.8373
2.8383
2.834
2.8495
2.8226
2.8091
2.8047
2.8064
2.7824
2.7709
2.7869
2.7883
2.7658
2.7161
2.7117
2.722
2.7091
2.6929
2.7059
2.7107
2.7199
2.7862
2.7528
2.7612
2.7727
2.7727
2.7656
2.7639
2.7645
2.7675
2.7719
2.7669
2.7659
2.7687
2.7503
2.7594
2.7514
2.7441
2.7341
2.7341
2.7221
2.7121
2.6879
2.6855
2.679
2.6799
2.6716
2.6741
2.6702
2.6432
2.6421
2.6504
2.6575
2.679
2.6636
2.6719
2.7085
2.7585
2.8663
2.8898
2.8495
2.8243
2.8311
2.8162
2.7905
2.7842
2.7768
2.7759
2.8008
2.8052
2.8329
2.833
2.8305
2.8416
2.8412
2.8298
2.8459
2.8622
2.8653
2.8812
2.8714
2.8649
2.8673
2.8655
2.8609
2.861
2.8609
2.8682
2.8714
2.8812
2.9112
2.9362
3.0309
3.1007
3.0844
3.0859
3.1024
3.1
3.1509
3.2606
3.5606
3.6106
3.6504
3.6504
3.5738
3.4463
3.4812
3.4706
3.3721
3.4212
3.3912
3.3716
3.3916
3.4016
3.5001
3.5001
3.5006
3.4998
3.4299
3.4345
3.4544
3.4624
3.5248
3.5503
3.5746
3.5107
3.5034
3.5128
3.5
3.4908
3.4347
3.3938
3.419
3.4047
3.4069
3.4271
3.4333
3.4479
3.4837
3.5373
3.5541
3.6041
3.6241
3.6241
3.6341
3.6436
3.6435
3.6212
3.6215
3.6235
3.6086
3.6186
3.6173
3.6173
3.598
3.6055
3.6012
3.6106
3.6106
3.6106
3.5906
3.6106
3.5906
3.5906
3.5906
3.573
3.5881
3.61
3.6
3.5501
3.5501
3.5601
3.5451
3.5451
3.5539
3.5627
3.5427
3.5427
3.5427
3.5169
3.5169
3.5469
3.5469
3.5522
3.5522
3.5645
3.6445
3.7445
3.7649
3.7852
4.0152
3.9752
3.9422
3.9222
3.9522
3.9752
4.0118
4.0214
4.1587
4.1209
4.1142
4.0956
4.1454
4.156
4.1362
4.1808
4.156
4.1265
4.1215
4.1067
4.1017
4.0472
3.9787
4.0385
4.0484
4.0029
4.0341
4.0364
4.0364
4.0284
4.0489
4.0336
4.034
4.039
4.029
4.0689
4.0953
4.1053
4.1253
4.1546
4.1546
4.1546
4.1496
4.1522
4.2189
4.2251
4.231
4.2132
4.2503
4.181
4.1839
4.1339
4.0615
4.0384
3.9984
3.9584
3.9163
3.891
3.7799
3.73
3.6974
3.678
3.639
3.6054
3.6054
3.6044
3.6094
3.5653
3.5839
3.5039
3.5517
3.5448
3.4683
3.4654
3.4339
3.4061
3.3925
3.3585
3.3523
3.3503
3.294
3.2764
3.2464
3.2775
3.3075
3.3325
3.2933
3.2733
3.2509
3.2002
3.2401
3.2083
3.1621
3.1621
3.1133
3.1033
3.1333
3.1133
3.1433
3.1233
3.1033
3.1033
3.0995
3.1095
3.0901
3.0892
3.0892
3.0851
3.1158
3.1759
3.2659
3.3147
3.5647
3.5574
3.5374
3.5174
3.4003
3.5003
3.6059
3.5786
3.581
3.6141
3.5944
3.5957
3.5808
3.5774
3.5562
3.5613
3.5509
3.5267
3.497
3.4687
3.4974
3.5024
3.5132
3.5126
3.5139
3.4882
3.5036
3.5037
3.4682
3.4584
3.4562
3.3587
3.3732
3.3589
3.3589
3.3139
3.2339
3.1739
3.1939
3.1739
3.1489
3.2489
3.3289
3.3489
3.3298
3.3498
3.3898
3.4123
3.4039
3.3788
3.3805
3.3901
3.3615
3.364
3.3814
3.405
3.4561
3.4656
3.4506
3.4441
3.4326
3.4839
3.5115
3.5115
3.5196
3.5893
3.7277
3.7771
3.8653
3.8088
3.7799
3.7794
3.7369
3.7238
3.7274
3.7576
3.7576
3.738
3.7231
3.7131
3.7165
3.7112
3.7014
3.703
3.728
3.748
3.7924
3.7766
3.7443
3.7474
3.7434
3.7834
3.8049
3.8121
3.8148
3.8276
3.807
3.7973
3.8103
3.8041
3.7937
3.8193
3.8022
3.7808
3.7948
3.7904
3.8059
3.8225
3.8024
3.8284
3.7924
3.7675
3.7733
3.7929
3.7637
3.7819
3.7521
3.7462
3.7401
3.7511
3.7401
3.7408
3.7409
3.7358
3.7262
3.721
3.6716
3.6355
3.5672
3.5385
3.501
3.4849
3.4851
3.4764
3.4966
3.4516
3.4163
3.4024
3.381
3.3555
3.2953
3.2426
3.2463
3.2329
3.1972
3.18
3.1555
3.1515
3.1517
3.1544
3.1692
3.1522
3.1522
3.2121
3.2686
3.1325
3.0041
3.0302
3.0302
3.0347
3.0243
3.0443
3.0643
3.0557
3.1431
3.1983
3.3669
3.3769
3.3609
3.3326
3.3309
3.3283
3.4383
3.4999
3.525
3.495
3.4801
3.4005
3.3418
3.3189
3.273
3.2486
3.2586
3.2537
3.2314
3.2189
3.1767
3.189
3.1787
3.2146
3.2014
3.2012
3.2059
3.2029
3.1887
3.1812
3.1752
3.1652
3.1606
3.1427
3.0817
3.0955
3.098
3.0963
3.0832
3.0907
3.0906
3.0804
3.0912
3.0856
3.0932
3.0928
3.0872
3.0859
3.0656
3.0801
3.0624
3.0353
3.0353
3.0438
3.0396
3.0488
3.0341
3.0291
3.0518
3.0576
3.0787
3.0812
3.0615
3.0495
3.0944
3.0944
3.1142
3.1042
3.0992
3.102
3.1032
3.1031
3.1183
3.1483
3.1833
3.1833
3.2236
3.2186
3.1743
3.1753
3.1801
3.1802
3.1202
3.1602
3.1602
3.1302
3.1002
3.0729
3.1628
3.0872
3.0092
3.0152
2.9713
2.9276
2.8663
2.8266
2.8267
2.694
2.7296
2.7278
2.708
2.6912
2.6821
2.6562
2.5691
2.4501
2.3557
2.344
2.374
2.4574
2.4391
2.4373
2.3822
2.2462
2.0338
1.8707
1.9369
1.9387
1.9947
1.9651
1.9356
1.8813
1.8763
1.8576
1.7786
1.7097
1.7103
1.687
1.6482
1.6407
1.689
1.7044
1.7494
1.7159
1.7165
1.7128
1.7628
1.7528
1.7378
1.7378
1.7745
1.774
1.7455
1.9155
2.2655
2.2655
2.3555
2.4455
2.4486
2.4368
2.4471
2.4501
2.4583
2.4417
2.4071
2.3335
2.336
2.3113
2.2617
2.2388
2.2318
2.253
2.3038
2.3254
2.2428
2.2073
2.1753
2.1843
2.2433
2.3181
2.2883
2.3273
2.2466
2.2621
2.2571
2.2608
2.2608
2.2807
2.28
2.2657
2.2661
2.2735
2.2519
2.2628
2.2586
2.254
2.2643
2.2737
2.2543
2.2546
2.2543
2.2862
2.3261
2.333
2.3062
2.3292
2.3271
2.3078
2.3086
2.2893
2.3625
2.4032
2.389
2.3919
2.4031
2.4091
2.4116
2.4269
2.4186
2.4084
2.419
2.432
2.4286
2.4255
2.4273
2.4234
2.4454
2.4237
2.3748
2.3698
2.3683
2.3513
2.4032
2.4284
2.4312
2.4342
2.463
2.5389
2.555
2.5616
2.5499
2.5589
2.6041
2.5911
2.5907
2.5948
2.5764
2.5849
2.5676
2.5802
2.5639
2.5738
2.5754
2.5754
2.5656
2.5506
2.5351
2.5201
2.4911
2.4866
2.4841
2.4644
2.4523
2.4474
2.4028
2.3907
2.3647
2.3601
2.3204
2.3332
2.3135
2.2946
2.3076
2.3076
2.2979
2.2979
2.3479
2.368
2.369
2.37
2.3634
2.3511
2.3054
2.2804
2.2793
2.2782
2.2618
2.2724
2.3105
2.3006
2.306
2.3109
2.311
2.3519
2.3608
2.3214
2.3109
2.3208
2.316
2.316
2.3259
2.3268
2.3018
2.3192
2.3452
2.2817
2.2718
2.251
2.2678
2.2622
2.2638
2.2834
2.2764
2.2576
2.2086
2.2093
2.2132
2.1742
2.1902
2.187
2.1864
2.1895
2.1612
2.1469
2.1275
2.1012
2.0788
2.0551
2.0552
2.0842
2.0589
2.069
2.053
2.0918
2.1039
2.0796
2.0861
2.0964
2.0854
2.1057
2.1358
2.1677
2.1776
2.1893
2.2319
2.2259
2.2172
2.2187
2.2143
2.2296
2.2349
2.2706
2.3273
2.3011
2.2805
2.3029
2.307
2.2752
2.3126
2.35
2.3403
2.3526
2.3248
2.3071
2.3002
2.2905
2.2992
2.2989
2.3131
2.3143
2.3064
2.3004
2.3187
2.313
2.3194
2.3168
2.3196
2.3201
2.3438
2.3753
2.3975
2.4022
2.3979
2.4041
2.416
2.413
2.4087
2.4071
2.4006
2.3989
2.4061
2.4076
2.402
2.3979
2.4005
2.3985
2.3917
2.4022
2.3901
2.3611
